512000
512000
512000
512000
512000
512000
512000
512000
512000
512000
512000
400696
400696
400696
400696
400696
400696
400696
400696
400696
400696
400696
400696
400696
357210
357210
357210
357210
357210
357210
357210
357210
357210
357210
357210
357210
357210
357210
360000
360000
360000
360000
360000
360000
360000
360000
360000
360000
360000
360000
360000
360000
360000
360000
360000
360000
460800
460800
460800
460800
460800
460800
460800
368640
368640
368640
368640
368640
368640
368640
368640
368640
720000
720000
720000
720000
720000
720000
720000
720000
720000
720000
720000
720000
720000
614400
614400
614400
614400
614400
614400
614400
614400
614400
614400
614400
614400
614400
264828
264828
264828
264828
264828
264828
264828
264828
264828
264828
264828
264828
264828
264828
264828
264828
132414
132414
264828
264828
277591
277591
277591
277591
277591
277591
277591
277591
277591
277591
277591
277591
277591
277591
277591
277591
277591
869435
869435
869435
869435
869435
869435
869435
869435
869435
555182
555182
555182
555182
555182
555182
555182
256334
256334
256334
256334
187667
257334
128334
256667
256334
164334
256334
384334
512334
360000
360000
360000
360000
360000
360000
360000
360000
360000
360000
360000
360000
360000
360000
360000
360000
400696
400696
400696
400696
400696
400696
400696
400696
400696
400696
460800
460800
460800
460800
460800
460800
460800
460800
460800
460800
460800
460800
460800
460800
460800
460800
460800
485053
485053
485053
485053
485053
485053
485053
485053
485053
485053
485053
485053
485053
485053
485053
485053
311352
311352
311352
311352
311352
311352
311352
311352
311352
311352
311352
512000
512000
512000
512000
512000
512000
512000
512000
512000
512000
512000
512000
512000
512000
512000
512000
288000
288000
288000
288000
288000
288000
288000
288000
288000
288000
288000
500870
500870
500870
500870
500870
500870
500870
500870
500870
500870
500870
500870
500870
500870
500870
500870
649015
649015
649015
649015
649015
649015
649015
649015
649015
649015
649015
649015
649015
523637
523637
523637
523637
523637
523637
523637
576000
576000
576000
576000
576000
576000
576000
576000
576000
576000
576000
576000
576000
576000
576000
576000
576000
368640
368640
368640
368640
368640
368640
368640
368640
368640
324508
324508
324508
324508
324508
324508
324508
324508
324508
354463
354463
354463
354463
354463
354463
354463
354463
354463
354463
542119
542119
542119
542119
542119
542119
542119
542119
542119
542119
542119
542119
542119
542119
576000
576000
576000
576000
576000
576000
576000
576000
576000
576000
576000
576000
576000
576000
576000
576000
576000
438858
438858
438858
438858
438858
438858
438858
438858
438858
438858
438858
438858
438858
438858
438858
438858
438858
438858
576000
576000
576000
576000
576000
576000
576000
576000
576000
576000
576000
576000
426667
426667
426667
426667
426667
426667
426667
426667
426667
426667
426667
426667
426667
426667
426667
426667
426667
426667
426667
288000
288000
288000
288000
288000
288000
288000
288000
288000
288000
288000
288000
288000
561952
561952
561952
561952
561952
561952
561952
561952
561952
561952
561952
561952
475051
475051
475051
475051
475051
475051
475051
475051
475051
475051
475051
475051
475051
475051
475051
475051
475051
475051
555182
555182
555182
555182
555182
555182
555182
555182
555182
555182
555182
555182
555182
242527
242527
242527
242527
242527
242527
242527
242527
242527
341334
341334
341334
341334
341334
341334
341334
341334
341334
341334
341334
341334
341334
237526
237526
237526
237526
237526
237526
237526
237526
237526
237526
460800
460800
460800
460800
460800
460800
460800
460800
460800
460800
460800
460800
460800
460800
460800
485053
485053
485053
485053
485053
485053
485053
485053
485053
485053
485053
485053
485053
485053
576000
576000
576000
576000
576000
576000
576000
576000
576000
576000
576000
576000
576000
576000
576000
576000
576000
576000
576000
576000
480000
480000
480000
480000
480000
480000
480000
480000
542118
542118
542118
542118
542118
542118
548572
548572
548572
548572
548572
548572
548572
548572
548572
548572
548572
548572
548572
548572
548572
548572
548572
548572
548572
548572
253187
253187
253187
253187
253187
253187
253187
253187
253187
253187
523637
523637
523637
523637
523637
523637
523637
485053
485053
485053
485053
485053
485053
485053
485053
485053
485053
485053
485053
485053
485053
485053
485053
485053
561952
561952
561952
561952
561952
561952
561952
561952
561952
561952
561952
561952
561952
561952
561952
407788
407788
407788
407788
407788
407788
407788
407788
407788
407788
407788
407788
407788
407788
407788
438858
438858
438858
438858
438858
438858
438858
438858
438858
438858
438858
438858
438858
438858
438858
438858
438858
438858
438858
555182
555182
555182
555182
555182
555182
555182
555182
368640
368640
368640
368640
368640
368640
368640
368640
368640
368640
368640
368640
368640
368640
368640
368640
384000
384000
384000
384000
384000
384000
384000
360000
360000
360000
360000
360000
360000
360000
360000
360000
360000
360000
360000
360000
360000
177232
177232
177232
177232
177232
177232
177232
177232
177232
177232
177232
177232
209455
209455
209455
209455
209455
209455
209455
209455
209455
209455
209455
209455
512000
512000
512000
512000
512000
512000
512000
512000
512000
512000
512000
512000
512000
512000
512000
360000
360000
360000
360000
360000
360000
360000
360000
360000
360000
360000
360000
360000
360000
329143
329143
329143
329143
329143
329143
329143
329143
329143
329143
329143
438858
438858
438858
438858
438858
438858
438858
438858
438858
438858
576000
576000
576000
576000
576000
576000
576000
576000
576000
576000
576000
576000
576000
576000
576000
576000
576000
576000
400696
400696
400696
400696
400696
400696
400696
400696
400696
400696
400696
368640
368640
368640
368640
523637
523637
523637
523637
523637
523637
523637
523637
523637
523637
523637
512000
512000
512000
512000
512000
512000
512000
512000
512000
512000
512000
512000
512000
512000
354461
354463
88617
88617
354463
354461
354463
354463
88615
88615
354463
354463
354463
177232
354463
354463
354463
354463
88615
88617
354463
354463
177232
354463
177232
177230
354463
354463
354463
354463
354463
354463
177230
177232
177232
177232
354463
177232
177230
177232
177232
177230
177230
177232
354463
177232
177232
177232
177232
177232
354463
354463
177232
177232
177232
177232
177232
177232
177230
177230
177232
354463
354463
354463
354463
177232
177230
177232
177232
177230
177232
177230
177232
354463
354463
354463
354463
354463
177232
177232
177230
177230
177230
177232
177232
354463
354463
354463
354463
354463
354463
177232
177232
177232
177232
177232
177232
354463
354463
354463
354463
354463
354463
177230
177232
177232
177232
177230
354463
354463
354463
354463
354463
354463
177232
177230
177232
354461
354461
177230
354463
354463
354461
354461
354461
354461
354461
354461
354461
354461
354461
329143
329143
329143
329143
329143
329143
164572
329143
329143
82286
329143
329143
329143
329143
329143
329143
329143
329143
329143
329143
329143
329143
329143
329143
329143
329143
329143
329143
329143
329143
329143
329143
329143
329143
329143
329143
329143
329143
329143
329143
329143
329143
329143
329143
329143
329143
329143
329143
329143
329143
329143
164572
164572
329143
329143
164572
329143
329143
82286
329143
164572
329143
329143
329143
329143
329143
329143
329143
329143
329143
329143
329143
329143
329143
329143
329143
329143
164572
329143
329143
329143
329143
329143
329143
329143
164572
329143
329143
329143
329143
164572
329143
329143
329143
329143
164572
329143
329143
329143
329143
164572
329143
329143
329143
465456
465456
232729
465456
232729
465456
232729
465456
465456
465456
465456
465456
232729
465456
465456
465456
465456
465456
465456
465456
465456
232729
232729
465456
232729
232729
232729
232729
232729
465456
465456
465456
465456
232729
232729
232729
232729
232729
465456
465456
465456
465456
465456
465456
465456
465456
465456
232729
465456
465456
232729
465456
465456
232729
465456
465456
465456
465456
465456
465456
465456
465456
465456
465456
465456
465456
465456
465456
465456
232729
465456
465456
465456
465456
232729
232729
232729
232729
465456
465456
465456
465456
465456
465456
465456
232729
232729
465456
232729
465456
465456
232729
465456
232729
232729
465456
465456
465456
465456
465456
465456
465456
465456
232729
465456
465456
465456
465456
465456
465456
465456
465456
465456
465456
465456
354463
354463
354463
354463
354463
354463
354463
354463
354463
354463
354463
354463
354463
354463
354463
354463
354463
354463
354463
354461
354463
354461
354461
354461
708923
354463
354461
354461
354461
354461
354463
354463
354461
354461
354461
354461
354463
354463
354463
354461
354461
354461
354463
354463
354461
354461
354463
354463
354463
354461
354463
354463
354463
354463
354461
354463
354463
354463
354463
354463
362836
362836
362836
362836
362836
362836
362836
362836
362836
362836
362836
181418
362836
362836
362836
362836
362836
362836
362836
362836
362836
362836
362836
362836
362836
362836
362836
362836
362836
362836
362836
181418
362836
362836
362836
362836
362836
362836
362836
362836
362836
362836
362836
362836
362836
362836
362836
362836
362836
362836
362836
362836
362836
362836
362836
362836
362836
362836
362836
362836
362836
362836
362836
362836
362836
362836
362836
362836
362836
362836
362836
329143
329143
329143
329143
329143
329143
329143
329143
329143
329143
329143
329143
329143
329143
329143
329143
329143
329143
329143
329143
329143
329143
329143
329143
329143
329143
329143
329143
329143
329143
329143
329143
329143
329143
658286
329143
329143
329143
329143
329143
329143
329143
329143
329143
329143
329143
658286
329143
329143
329143
329143
329143
329143
329143
329143
329143
329143
329143
329143
329143
329143
329143
329143
329143
329143
329143
329143
329143
329143
329143
329143
164572
329143
329143
329143
329143
329143
329143
329143
329143
164572
329143
329143
329143
329143
329143
329143
329143
329143
329143
329143
329143
329143
329143
329143
329143
329143
329143
329143
329143
329143
329143
329143
329143
329143
329143
329143
329143
329143
329143
329143
329143
329143
329143
329143
329143
329143
329143
329143
329143
329143
329143
329143
329143
329143
329143
329143
329143
329143
329143
329143
329143
329143
329143
329143
329143
329143
329143
329143
329143
329143
329143
329143
329143
329143
329143
329143
329143
329143
329143
329143
329143
329143
329143
329143
329143
329143
329143
329143
329143
400696
400696
400696
400696
400696
400696
400696
400696
400696
400696
400696
400696
400696
400696
400696
400696
400696
400696
400696
400696
200349
200349
400696
200349
400696
400696
400696
200349
400696
400696
400696
400696
400696
400696
400696
400696
400696
400696
400696
400696
400696
400696
400696
400696
400696
400696
400696
400696
400696
400696
200349
400696
400696
400696
400696
400696
400696
400696
400696
200349
400696
400696
400696
400696
200349
200349
400696
400696
400696
400696
400696
384000
384000
384000
384000
384000
384000
384000
192000
384000
384000
384000
192000
384000
192000
192000
384000
384000
384000
384000
192000
192000
384000
384000
384000
192000
384000
192000
192000
384000
384000
192000
384000
384000
384000
192000
192000
192000
384000
384000
384000
192000
384000
192000
192000
384000
192000
192000
384000
192000
192000
192000
192000
384000
384000
192000
192000
192000
192000
192000
192000
384000
384000
192000
192000
384000
192000
384000
384000
192000
384000
384000
192000
192000
384000
384000
192000
192000
384000
384000
192000
192000
384000
384000
384000
384000
384000
384000
192000
192000
192000
384000
384000
192000
192000
384000
384000
384000
384000
384000
384000
384000
384000
384000
384000
384000
384000
384000
384000
384000
384000
384000
384000
384000
384000
384000
192000
192000
384000
384000
192000
192000
384000
384000
384000
192000
384000
192000
192000
384000
192000
192000
192000
192000
192000
192000
384000
384000
192000
192000
192000
192000
384000
384000
384000
384000
192000
192000
192000
192000
192000
384000
384000
192000
384000
192000
192000
192000
384000
384000
384000
192000
192000
192000
384000
384000
384000
384000
384000
192000
192000
192000
192000
384000
384000
192000
192000
192000
192000
192000
192000
384000
192000
192000
192000
192000
192000
192000
192000
192000
192000
384000
384000
192000
384000
192000
192000
192000
192000
192000
384000
192000
384000
384000
384000
192000
192000
192000
384000
384000
384000
384000
384000
384000
384000
192000
384000
384000
384000
384000
384000
384000
384000
384000
384000
192000
384000
192000
384000
192000
384000
384000
384000
192000
192000
192000
192000
192000
192000
192000
192000
192000
192000
192000
192000
384000
192000
192000
192000
192000
192000
384000
192000
192000
192000
384000
384000
384000
384000
192000
192000
192000
192000
192000
384000
192000
192000
192000
192000
384000
384000
192000
192000
192000
192000
192000
384000
192000
192000
192000
192000
192000
192000
192000
192000
192000
384000
384000
192000
192000
192000
192000
192000
384000
192000
192000
192000
192000
192000
192000
384000
192000
192000
192000
192000
192000
192000
192000
384000
384000
192000
192000
384000
192000
384000
384000
192000
384000
192000
192000
192000
384000
192000
192000
192000
192000
192000
192000
192000
192000
512000
512000
128400
512000
512000
512000
512000
512000
512000
512000
128041
128017
400696
400696
400696
400696
400696
400696
400696
400696
400696
400696
400696
400696
400696
357210
357210
89298
357210
178595
357210
357210
178595
89298
357210
89298
357189
89298
357210
90000
360000
360000
360000
360000
360000
90000
360000
360000
360000
360000
90000
360000
179918
180000
360000
360000
90000
460800
460800
460800
460800
460800
230400
460800
341334
341334
341334
341334
341334
341334
341334
341334
341334
341334
341334
85333
341334
368640
368640
92160
368640
368640
368640
368640
368640
368640
277591
277591
277591
277591
277591
277591
277591
277591
277591
277591
277591
277591
277591
277591
277591
277591
138792
555182
555182
555182
555182
555182
555182
555182
400696
400696
400696
400696
400696
400696
400696
400696
400696
400696
460800
460800
460800
460800
460800
460800
460800
460800
460800
460800
460800
460800
460800
460800
460800
460800
460800
485053
485053
485053
485053
485053
485053
485053
485053
242520
485053
485053
485053
485053
485053
242520
485053
324480
649015
649015
649015
649015
162240
649015
649015
649015
649015
324504
649015
162250
649015
649015
311352
311352
311352
311352
311352
311352
311352
311352
311352
311352
311352
512000
512000
512000
512000
512000
255984
512000
512000
512000
512000
512000
512000
255984
512000
512000
512000
288000
288000
288000
288000
288000
288000
288000
288000
288000
288000
288000
500870
500870
500870
500870
500870
500870
500870
500870
500870
500870
500870
500870
500870
500870
500870
500870
130897
523637
523637
523637
261792
523637
523637
576000
576000
288000
576000
576000
288000
576000
576000
144000
576000
576000
576000
576000
576000
288000
576000
576000
264828
264828
264828
264828
264828
66205
264828
264828
264828
264828
264828
264828
264828
264828
264828
132414
66205
132414
264828
264828
368640
92160
368640
368640
368640
368640
368640
368640
368640
368640
324508
324508
324508
162240
324508
324508
324508
324508
324508
354463
354463
354463
354463
354463
177216
88609
354463
354463
354463
542119
271057
542119
542119
542119
542119
542119
542119
542119
542119
542119
542119
542119
542119
576000
576000
288000
384000
576000
576000
576000
576000
576000
576000
576000
576000
288000
576000
144000
576000
576000
256334
128334
256334
256334
256334
256334
256334
187667
257334
256667
164334
384334
512334
614400
307200
307200
614400
614400
614400
307200
307200
614400
614400
614400
614400
614400
438858
438858
438858
438858
438858
438858
438858
438858
438858
438858
438858
438858
438858
438858
438858
438858
438858
438858
576000
576000
576000
576000
576000
576000
576000
576000
576000
576000
576000
576000
426667
426667
426667
96000
426667
426667
426667
426667
426667
426667
426667
426667
426667
426667
426667
426667
426667
426667
426667
288000
288000
288000
288000
288000
288000
288000
288000
288000
288000
288000
288000
288000
561952
561952
280944
561952
561952
561952
561952
280970
140499
561952
561952
280984
475051
475051
475051
475051
475051
475051
475051
475051
475051
475051
475051
475051
475051
475051
59377
237505
237505
475051
555182
555182
277584
555182
277597
277584
555182
555182
555182
277584
138792
555182
555182
242527
242527
242527
242527
242527
242527
121278
242527
242527
242527
237526
237526
237526
237526
237526
237526
237526
237526
237526
237526
460800
460800
460800
460800
460800
460800
230400
460800
460800
460800
230400
230400
460800
460800
460800
242520
485053
485053
485053
485053
485053
485053
485053
485053
485053
485053
121249
485053
485053
576000
576000
576000
576000
576000
288000
576000
576000
576000
576000
144000
432000
576000
576000
144000
576000
576000
72000
576000
576000
480000
480000
480000
480000
480000
480000
480000
480000
542118
542118
542118
542118
542118
542118
138000
548572
548572
548572
274272
548572
548572
548572
548572
138000
548572
548572
548572
548572
548572
548572
548572
68546
68569
548572
548572
253187
253187
253187
253187
253187
253187
253187
253187
253187
253187
523637
523637
523637
523637
261816
523637
523637
140400
561952
561952
280944
561952
561952
280944
280968
561952
561952
140400
561952
561952
561952
561952
561952
485053
485053
485053
485053
485053
485053
485053
485053
485053
485053
485053
485053
485053
485053
485053
485053
485053
438858
438858
438858
438858
438858
438858
438858
219360
438858
438858
438858
438858
438858
438858
438858
219360
438858
438858
438858
407788
407788
407788
407788
407788
407788
203881
407788
203857
407788
203881
407788
407788
407788
407788
555182
555182
555182
555182
555182
555182
555182
555182
368640
368640
368640
368640
368640
184320
92160
368640
92160
368640
368640
184320
368640
92160
368640
368640
384000
384000
384000
384000
384000
384000
384000
360000
90000
90000
90000
360000
90000
360000
270001
90000
180000
90000
180000
270000
360000
177232
177232
177232
177232
177232
177232
177232
177232
177232
177232
177232
177232
720000
720000
720000
720000
720000
720000
720000
720000
720000
720000
720000
720000
720000
209455
209455
209455
209455
209455
209455
209455
209455
209455
209455
209455
209455
512000
512000
255840
512000
512000
512000
512000
512000
512000
512000
512000
255840
512000
512000
512000
360000
90000
180000
360000
360000
360000
360000
180000
360000
180000
360000
360000
90001
180000
360000
90001
180000
360000
360000
360000
180000
180000
360000
360000
180000
360000
360000
90000
90000
360000
90000
180000
360000
329143
329143
329143
329143
329143
329143
329143
329143
329143
329143
329143
438858
438858
438858
438858
438858
438858
438858
438858
438858
219408
438858
576000
576000
576000
576000
576000
576000
576000
576000
576000
576000
576000
576000
576000
576000
576000
576000
576000
576000
400696
400696
400696
400696
400696
400696
400696
400696
400696
400696
400696
368640
368640
368640
368640
523637
523637
523637
523637
523637
523637
523637
523637
523637
523637
523637
869435
869435
869435
869435
217355
869435
869435
869435
869435
217369
217357
869435
512000
512000
512000
255984
512000
512000
512000
512000
512000
512000
512000
255984
512000
512000
8364
36558
10792
14641
16387
14349
10627
16299
13549
4068
5485
3101
2454
9795
8748
7286
44427
17177
20187
21848
27719
16569
65746
38614
24897
7118
88577
27305
17680
30047
27562
25163
31655
20300
26497
529656
529656
529656
529656
529656
529656
529656
529656
529656
529656
529656
529656
529656
529656
529656
365715
365715
365715
365715
365715
365715
365715
365715
365715
365715
365715
365715
368640
368640
368640
368640
368640
368640
368640
368640
368640
470205
470205
470205
470205
470205
470205
470205
470205
470205
470205
470205
470205
568890
568890
568890
568890
568890
568890
568890
568890
568890
568890
568890
365715
365715
365715
365715
365715
365715
365715
365715
365715
365715
365715
365715
365715
362835
362835
362835
362835
362835
362835
362835
362835
362835
362835
362835
658286
658286
658286
658286
658286
658286
658286
658286
658286
658286
658286
658286
658286
658286
658286
658286
658286
658286
658286
658286
658286
658286
658286
658286
658286
658286
622703
622703
622703
622703
622703
622703
622703
622703
622703
622703
622703
622703
622703
622703
743226
743226
743226
743226
743226
743226
743226
743226
743226
743226
743226
274287
274286
274286
274286
274286
274286
274286
274286
274286
274286
274286
274286
274286
274286
658286
658286
658286
658286
658286
658286
658286
658286
658286
658286
658286
658286
658286
658286
658286
576000
576000
576000
576000
576000
576000
576000
576000
576000
576000
576000
576000
576000
576000
658286
658286
658286
658286
658286
658286
658286
658286
658286
658286
658286
658286
631234
631234
631234
631234
631234
631234
631234
631234
598443
598443
598443
598443
598443
598443
598443
598443
598443
598443
598443
568890
568890
568890
568890
568890
568890
568890
568890
568890
568890
411429
411429
411429
411429
411429
411429
411429
411429
411429
411429
411429
731429
731429
731429
731429
731429
731429
731429
731429
731429
731429
731429
731429
731429
731429
658286
658286
658286
658286
658286
658286
658286
658286
658286
658286
658286
371613
371613
371613
371613
371613
371613
371613
371613
368640
368640
368640
368640
368640
368640
368640
368640
368640
371613
371613
371613
371613
371613
371613
371613
371613
371613
371613
371613
561952
561952
561952
562050
561952
561952
561952
562655
562172
561979
561952
561892
614400
614400
614400
614400
614400
614400
614400
614400
614400
614400
614400
614400
614400
614400
614400
614400
614400
614400
614400
561952
561952
561952
561952
561952
561952
561952
561952
561952
561952
561952
561952
561952
561951
561952
649015
649015
649015
649015
649015
649015
649015
649015
649015
649015
598442
598443
598443
598443
598442
598442
598443
598442
598442
598442
598443
598443
598442
598442
598442
598442
368640
368640
368640
368640
368640
368640
368640
368640
590771
590771
590771
590771
590771
590771
590771
590771
590771
590771
590771
590771
590771
590771
590771
590771
590771
590771
590771
590771
590771
590771
590771
590771
590771
590771
590771
590771
590771
590771
590771
590771
590771
590771
590771
590771
590771
590771
368640
368640
368640
368640
561952
561951
561951
561951
561951
561951
561951
561951
561951
561951
561951
561952
561951
561952
561951
470205
470205
470205
470205
470205
470205
470205
470205
470205
470205
470205
470205
274286
274286
274286
274286
274286
274286
274286
274286
274286
274286
274287
274286
274286
274286
274286
384000
384000
384000
384000
384000
384000
384000
384000
384000
384000
411429
411429
411429
411429
411429
411429
411429
411429
411429
411429
411429
377705
377705
377705
377705
377705
377705
377705
377705
377705
377705
377705
377705
640000
640000
640000
640000
640000
640000
640000
640000
640000
535814
535815
535814
535815
535815
535815
535815
535814
535815
535815
368640
368640
368640
368640
368640
368640
368640
368640
368640
506374
506374
506374
506374
506374
506374
506374
506374
506374
506374
506374
371613
371613
371613
371613
371613
371613
371613
371613
371613
371613
583291
583291
583291
583291
583291
583291
583291
583291
583291
583291
561952
561952
561952
561952
561952
561952
561952
561952
561952
561952
561952
561952
561952
561952
561952
561952
561952
561952
561952
561952
561952
561952
561952
561952
561952
561952
561952
561952
561952
561952
677647
677647
677647
677647
677647
677647
677647
677647
677647
677647
677647
677647
598442
598442
598442
598442
598442
598442
598442
598442
598442
598442
598442
598442
598442
384000
384000
384000
384000
384000
384000
384000
384000
535815
535815
535815
535815
535815
535814
535815
535815
535815
568890
568854
284446
568890
568890
568885
568890
284446
568890
568890
568890
590771
590771
590771
590771
590771
590771
590771
590771
590771
590771
590771
590771
590771
590771
590771
590771
362835
362835
362835
362835
362835
362835
362835
362835
720000
720000
720000
720000
720000
720000
720000
720000
720000
720000
720000
720000
720000
720000
720000
720000
371613
371613
371613
371613
371613
371613
535814
535814
535814
535814
535814
535814
535814
535814
535814
535814
535814
535814
535814
535814
535814
561952
561952
561952
561952
561952
561952
561952
561952
561952
561952
561952
561952
561952
523637
523637
523637
523637
523637
523637
523637
523637
523637
523637
523637
523637
523637
523637
523637
523637
506374
506374
506374
506374
506375
506374
506374
506374
506374
506374
506374
506374
506374
506374
506374
506374
506374
614400
614400
614400
614400
614400
614400
614400
614400
614400
614400
614400
614400
614400
614400
614400
614400
614400
523637
523637
523637
523637
523637
523637
523637
523637
523637
523637
649015
649015
649015
649015
649015
649015
649015
649015
649015
649015
649015
649015
649015
649015
649015
658286
658286
658286
658286
658286
658286
658286
658286
658286
658286
200349
200349
200349
200349
200349
200349
200349
200349
200349
200349
200349
200349
200349
200349
200349
200349
200349
200349
200349
200349
200349
200349
200349
200349
200349
200349
200349
200349
200349
200349
200349
200349
200349
200349
200349
200349
200349
200349
200349
200349
200349
200349
200349
200349
200349
200349
200349
200349
200349
200349
200349
200349
200349
200348
200349
200349
200348
200349
200348
200348
200348
200348
200348
200348
200348
200348
200348
200348
200349
200349
200349
200349
200349
200349
200349
200349
200349
200349
200349
200349
200349
200349
200349
200349
200349
200349
200349
200349
200349
200349
200348
200349
200348
200348
200349
200348
200349
200349
200349
200349
200348
200349
200348
200348
192000
192000
192000
192000
192000
192000
192000
192000
192000
192000
192000
192000
192000
192000
192000
192000
192000
192000
192000
192000
192000
192000
192000
192000
192000
192000
192000
192000
192000
192000
192000
192000
192000
192000
192000
192000
192000
192000
192000
192000
192000
192000
192000
192000
192000
192000
192000
192000
192000
192000
192000
192000
192000
192000
192000
192000
192000
192000
192000
192000
192000
192000
192000
192000
192000
192000
192000
192000
192000
192000
192000
192000
192000
192000
192000
192000
192000
192000
192000
192000
192000
192000
192000
192000
192000
192000
192000
192000
192000
192000
192000
192000
192000
192000
192000
192000
192000
192000
192000
192000
192000
192000
192000
192000
192000
192000
192000
192000
192000
180000
180000
180000
180000
180000
180000
180000
180000
180000
180000
180000
180000
180000
180000
180000
180000
180000
180000
180000
180000
180000
180000
180000
180000
180000
180000
180000
180000
180000
180000
180000
180000
180000
180000
180000
180000
180000
180000
180000
180000
180000
180000
180000
180000
180000
180000
180000
180000
180000
180000
180000
180000
180000
180000
180000
180000
180000
180000
180000
180000
180000
180000
180000
180000
180000
180000
180000
180000
180000
180000
180000
180000
180000
180000
180000
180000
180000
180000
180000
180000
180000
180000
180000
180000
180000
180000
180000
180000
180000
180000
180000
180000
180000
180000
180000
180000
180000
180000
180000
180000
180000
180000
180000
180000
180000
180000
180000
180000
180000
180000
180000
180000
180000
180000
180000
180000
180000
180000
180000
180000
180000
180000
180000
180000
180000
180000
180000
180000
180000
180000
180000
180000
180000
180000
180000
180000
180000
180000
180000
180000
180000
180000
180000
235103
235103
235103
235103
235103
235103
235103
235103
235103
235103
235103
235103
235103
235103
235103
235103
235103
235103
235103
235103
235103
235103
235103
235103
235103
235103
235103
235103
235103
235103
235103
235103
235103
235103
235103
235103
235103
235103
235103
235103
235103
235103
235103
235103
235103
235103
235103
235103
235103
235103
235103
235103
235103
235103
235103
235103
235103
235103
235103
235103
235103
235103
235103
235103
235103
235103
235103
235103
235103
235103
235103
235103
235103
235103
235103
235103
235103
235103
235103
235103
235103
235103
235103
235103
235103
235103
235103
235103
235103
235103
235103
235103
235103
235103
235103
235103
235103
235103
235103
235103
235103
235103
235103
235103
235103
235103
235103
235103
235103
235103
235103
235103
235103
235103
235103
235103
235103
235103
235103
235103
235103
235103
235103
235103
235103
235103
235103
235103
235103
235103
235103
235103
235103
235103
235103
235103
235103
235103
235103
235103
235103
235103
235103
235103
235103
235103
235103
235103
235103
235103
235103
235103
235103
235103
235103
235103
235103
235103
235103
235103
235103
235103
235103
235103
235103
235103
235103
235103
235103
235103
235103
235103
235103
164572
164572
164572
164572
164572
164572
164572
164572
164572
164572
164572
164572
164572
164572
164572
164572
164572
164572
164572
164572
164572
164572
164572
164572
164572
164572
164572
164572
164572
164572
164572
164572
164572
164572
164572
164572
164572
164572
164572
164572
164572
164572
164572
164572
164572
164572
164572
164572
164572
164572
164572
164572
164572
164572
164572
164572
164572
164572
164572
164572
164572
164572
164572
164572
164572
164572
164572
164572
164572
164572
164572
164572
164572
164572
164572
164572
164572
164572
164572
164572
164572
164572
164572
164572
164572
164572
164572
164572
164572
164572
164572
164572
164572
164572
164572
164572
164572
164572
164572
164572
164572
164572
164572
164572
164572
164572
164572
164572
164572
164572
164572
164572
164572
164572
164572
164572
164572
164572
164572
164572
164572
164572
164572
164572
164572
164572
164572
164572
164572
164572
164572
164572
164572
164572
164572
184320
184320
184320
184320
184320
184320
184320
184320
184320
184320
184320
184320
184320
184320
184320
184320
184320
184320
184320
184320
184320
184320
184320
184320
184320
184320
184320
184320
184320
184320
184320
184320
184320
184320
184320
184320
184320
184320
184320
184320
184320
184320
184320
184320
184320
184320
184320
184320
184320
184320
184320
184320
184320
184320
184320
184320
184320
184320
184320
184320
184320
184320
184320
184320
184320
184320
184320
184320
184320
184320
184320
184320
184320
184320
184320
184320
184320
184320
184320
184320
184320
184320
184320
184320
184320
184320
184320
184320
184320
184320
184320
184320
184320
184320
184320
184320
184320
184320
184320
184320
184320
184320
184320
184320
184320
184320
184320
184320
184320
184320
184320
184320
184320
184320
184320
184320
184320
184320
184320
184320
184320
184320
184320
184320
184320
184320
184320
184320
